$38,548,528,956,136
$111,997
$329,646
$7,044,810,353,771
$1,764,249,766,967
$1,718,613,576,911
$1,613,762,630,033
$934,149,243,077
$106,007,913,636,051
342,629,726
164,116,696
7,782,674
113,628,996
164,707,604
14,182,127
129,958,355
103,643,744
135,798,619
9,007,422
84,014,225
28,268,177
$31,676,962,632,438
121.74%
$12,316,613,782,986
38.89%
$5,280,560,586,804
$15,476
$2,703,864,276,008
$1,769,756,494,851
$422,052,673,515
$22,377,151,507,259
$699,602,788,991,531
$9,453,348,702,710
$1,090,905,874,597
$161,888,042,705
$2,744,272,807,803
$1,089,097,175,313
$2,095,225,506,081
$2,141,436,005,303
$1,313,126,239,197
15,849,023
$407,372
$52,476
24,114,513
$169,031
$32,170
12,666,231
564,900
17,103,297
89,737
62,168,513
8,058,132
37,199,258
65,754,891
41,380,000
26,999,218
89,812,091
$967,440,411,179
31.91%
$5,655,382,046,776
$158,659,306,928
96.23%
34.44%
$959,266,866,434
$657,147,562
356.42
142.35
$1,167
$2.75
$9,251
$25.73
21,106,401
$372,342,499,263
51.99%
34.74%
54.73%
$225,339,929,399
$30,743,887,539
$581,046,848,925
$3,192
$6,276
$72,615
$16,082,492,300,113
$1,260,234,244,628
$9,556,776,361,163
$77,714,445,121,266
$25,272,947,592,746
$52,509,760,219,211
$7,774,857,647,453
$178,184,782,482,298
$522,230
$682,626,881,583
$3,247
1,755,488
64,439
96.32%
$36,023,424,526
$320.71
$967,440,411,811
$8,613
$4,559,843,841,348
$40,596
$8,135
$52,257
$22,640
$6.37
$9,501
23,929,166
$20,212,467
$35,372
$15,989
$5,552
$27,697
$10,919
4.72
269.64
$1,553
$1,118
$12,562
$9,301
$1,747,224,261,450
737,172
119,911
131.72%
$2,200